0	11410110	205052341934783666265145914286379468536635009076352626696728005062287524944918612832676142030138247157690966462872956785036853900664580690717583637957679519064794783417728409080302591779833457554247990657807309511980836285318431498080755319802369585804237717927398880357934888116506715048471585216006958504892
1	81019711	257418394773301522221046119615516191395564678350696163431725093754214167003798142772840791885280814165260420458896289166431620188901805243225176793761459795117857510108640912986540578765550178558019524693191973560285098449793979804367491172304043038618228235113846773443997805982387258741754782930100120330366
2	51019510	229247698965582174078946315930380717124980594668109960011600415867653729310108353797929945261390068121257871815611443343712633763855872645848962058820929111677662985094952604754501437880639138344776419126050033842668950341578558394360217760071100955681257005443127925167818161359898124414788797635284923604698
3	99710611	40252544330927905486457541940627118460777542064673587606663088638441860084611158602667792350753736214171014244044127303918622649950167679991382763611508737871104050764875327106372428625397776932026526268667718972897900300851255912369930626185084644362575622241742315442755039472978691526464407556328073562978
4	11143261	52510761049822876096995920681520984394867575109464291926266175240617171251961365770460136489269077498771929466291249421609877603635737283878985836634267198987654602959443416665390443430762368220627600470716102314657973544902125611700557370430964521368516672004964138408071473766110913522703490469415475589142
5	32501011	349732866843566433401535018734448921433295701602383929267243754217443814587770269984703903788186659690632275031794526044395174258708569781948396650373740023536591590507985464683205118502683986735753714061656645983508801636830477136692489031029151886660657653054999856253739243712252970271790393169531185125803
6	41011081	26137197043126004256137649008381533521578921774472103927056177587110574271570873796011056177988497346384759289396411580122529639380065423806058453190191275351614723867691346625892340449349189501550678864202181061172640210812343529756642324116626864461326095592890785439947434685687291906878874555043404085202
7	1971151	306826382323099451141969587625504247459043492297357869002859590698265983345869562429916716459927748579809845904115611237301262819036369094167211896694680838725118706121005652917183834147669141368302132756290321619264343157550652102009799029138612392017950815130375439788293736291610572820498270407199419403289
8	1951091	143169952139643380217461836775493459631334791578430274052429776736361491071430573853053066839365709289771161192391637136450986356702901662785769115993607700797591776520520013647524864413989655206457781210503189833558313233987379503487090225668356093629672638721523309000396561305425376171493685025272668651397
9	5110111	302721221261119018147842106164757206853852398023452694328238760917290952337590966288183814089001810870314833250985163062176710758541248756841211930662298464089268698563080694406217696213359197489911852009899814743498994440967284919276724328764626658436346259312566365636938976312036510963914238530219923727017
10	11432613	417379771389129829833975269439112110980747113620377710711000407623470719320515176628065085828511017819463640999627152465906314281357907709595564820500785892390354554835771665385842220988944581545931467761989066371783218485018168027494953400119457349216752699294645470398941206409157204567699014102381365721329
11	25310114	233873554102798478809746993864681459237180812883046777944836136073182366905530028088916198618882474942928238152275244045318799607815692968792197549993850013140930902889896904087162795016004170409618349926740749931255878389679336520366894449825866092173504393709240552373751153320755137743014975808709918599789
12	10110810	82531639346875322878491277098899465561943630277567385513173912490296918511328803480611033919497761275404633868115109833451733922198719927510459674907212044080532194822351861603732489536101499467698549794451973734052162177406111518915040698304548891789796326852905773132299407168230979120934857240595757500081
13	19711510	362141309152712766056976208983148827261527225620246765574710491200822800740827462287782019326289711593935576850576624723347216833029760202427892114186429798939031942580626152626445812525968585914778684111526972608055641846388305638013456316499159047774576185926798620601744184833277957632171373011804629689136
14	19511297	52014846316331142571263691476058748145676005848221760075937442303096728415175908233886093846843826483976865450335852446806483750414258255922656567396348143398065820685086881528184216932389202421425940623364317265586040383024577043087548054846719563461972172177064711458526320818915409783284802476483312302597
15	11699104	101375959467620082344296140427685599579151843871750239923228562354850410553819527614463581113985401770002858420405635902757625489405408449035813756410486015972779878520914981228402511414887834546376623601938146069276245042778133366738961711021322675066780857163704452794946255490606416476609051349027856658296
16	32613248	1908425834432153835986851032606845767433207456015190415796277954598673339561709166173012767843322353595375436484034449661556312033567302678526840599497513066483811140428020148067143242529301346293680749751500902380497676198111362643459525328161061664345048732553517932843546347847574918536081487000794806378
17	10114101	283612287761280569122949264519997504361671886533832237674230661467195618631987921208665745551178157139883500087249510434389046529543880651507233861563120206758003253274015300169993188170690250188570681717773237167265370739139631984418801606104120271740902708569840063810566786498257070527383926952460848511795
18	10810197	197680073383742642972878330972586177179740907430183220090057453763438764529665935606006994559651633888413853836302809932349685263237871577611195682342917025914063031262818729042372683707582172926431088600901149678796091411126546942488803178006193989367777521176637041672522742894856602902186797629675437521999
19	11510195	15016887206041175557770902560697989749420898964565768933790195497776474437183452748777361561685915174687469722975218419638132348707621426341495517848663915194556362521503512294476495127871325707977948677557034926756904265404821979411799122238614529733789159153439275787030184242909436679248734617998863350047
20	11511195	391153384129519233881735301935866285992932487607724088495132342110776818138100162759185893605992408561545774221105282841161643738868701958374549660934930159683164082672623829306393309910710531123821001292019825289764012051626692405562795437399840536873115917849845205923174516450514749357539193640178834709834
21	97981059	454579771030971411627872040462612959165075546585677409236372227014943904218682418607084256834425062435731249550975006697680999716671446845768847593636093017712924796240377362183957625503473444649460234393540442757527688925469478828200022648568179609600193273106166211767305843250198343238979933870868433572989
22	51141011	364558759080605410923868110104107966578214983425233573482675431019304307192798142757369235993687685297158346174200116626518418668816086434407044546815864535935048830211999201911759921057732864534706079535382358787792245527340029380061754848499886771475535863315194689253302097115472666461286639568544338440830
23	18326132	308871483678907730358658019593673571168147741178194416466196711828794229663502784890377401111550826890668439349216444946013825247913905264256152263828368471109339754525818882385127708276636519997265171543572573312769062988068257578256594251615383182039477657956034582156639489868932905647659367130806759155330
24	52100000	196974245738886823773902535424602828841418722949126570895201022932809941765909805464146831059935750410115367366559903825537384458475584949217003217213954589909600250519679749647283380653408700404678806539987101874782831813482541462285150271138559491785907976280167270159845459161169882287513381206620078178914
